1.020000000000000000e+02
1.060000000000000000e+02
1.100000000000000000e+02
1.140000000000000000e+02
1.180000000000000000e+02
1.220000000000000000e+02
1.260000000000000000e+02
1.300000000000000000e+02
1.340000000000000000e+02
1.380000000000000000e+02
1.420000000000000000e+02
1.460000000000000000e+02
1.500000000000000000e+02
1.540000000000000000e+02
1.580000000000000000e+02
1.620000000000000000e+02
1.660000000000000000e+02
1.700000000000000000e+02
1.740000000000000000e+02
1.780000000000000000e+02
1.820000000000000000e+02
1.860000000000000000e+02
1.900000000000000000e+02
5.400000000000000000e+01
5.800000000000000000e+01
6.200000000000000000e+01
6.600000000000000000e+01
7.000000000000000000e+01
7.400000000000000000e+01
7.800000000000000000e+01
8.200000000000000000e+01
8.600000000000000000e+01
9.000000000000000000e+01
9.400000000000000000e+01
9.800000000000000000e+01
