7.222437261755894067e-01
7.282893531725178615e-01
4.402281244121478032e+00
9.683218980158835310e-01
2.517924492513625156e-01
1.675244385156977600e-01
3.369116167483694468e-01
3.526683994916472026e-02
1.850242805012358160e-01
2.379877803454412966e-01
1.999774987342319010e-01
2.283369221129154802e-01
1.999548386511307008e-01
2.493421030933203331e-01
7.105427357601001859e-15
1.967789051194251682e-01
0.000000000000000000e+00
1.181626097534664438e-01
2.439452343124374201e-01
0.000000000000000000e+00
0.000000000000000000e+00
1.421085471520200372e-14
1.421085471520200372e-14
9.848434655940790705e+00
1.605942301914670978e+01
1.624075241136175762e+01
1.728752163326155156e+01
1.645343544204328623e+01
1.775607943461773530e+01
1.330302781453486460e+01
7.575812651220255489e+00
5.476109333961479697e-01
5.756928943401596888e-01
6.757956421877844289e-01
7.883721262037362010e-01
