3.028000000000000114e+01
2.993199999999999861e+01
2.879856249999999918e+01
2.823274999999999935e+01
2.637968749999999929e+01
2.631343749999999915e+01
2.576262499999999989e+01
3.550949999999999562e+01
3.503899999999999437e+01
3.097699999999999676e+01
2.635583333333333655e+01
2.587875000000000014e+01
2.650000000000000000e+01
2.600000000000000000e+01
2.628458333333333385e+01
2.600000000000000000e+01
2.650000000000000000e+01
2.647562500000000085e+01
2.600000000000000000e+01
2.623708333333333442e+01
2.656416666666666870e+01
2.600000000000000000e+01
2.600000000000000000e+01
4.667193750000000563e+01
5.595447916666667965e+01
3.797749999999999915e+01
3.707354166666667084e+01
3.230045833333333860e+01
3.004254166666666492e+01
2.979416666666666913e+01
2.972114583333333471e+01
2.973572916666666544e+01
2.987916666666666643e+01
3.013635416666667055e+01
3.005187499999999901e+01
