1.121399794899214486e+00
9.633540366864093984e-01
1.246822635178616467e+00
4.448903657082267094e-01
2.137314959095874545e-01
2.418174592409530754e-01
3.131143710770875610e-01
6.063082961662324966e-01
3.386428797420686920e-01
5.160979412863415661e+00
3.325730913815961309e-01
2.142975443163080140e-01
0.000000000000000000e+00
0.000000000000000000e+00
3.297492207892408489e-01
0.000000000000000000e+00
0.000000000000000000e+00
1.076724634017444809e-01
0.000000000000000000e+00
3.191348439313881347e-01
2.404726249146325323e-01
0.000000000000000000e+00
0.000000000000000000e+00
2.924863996119182019e+01
3.205577434450702867e+01
2.132120701906906746e+01
1.924355126358893031e+01
1.116281835733339456e+01
3.492487960042476747e+00
5.120024685270356812e-01
5.665754273208025715e-01
7.756076177096931090e-01
8.768729953647791397e-01
1.144219123395405324e+00
1.362181394323702666e+00
