2.579199999999999804e+01
2.562791666666667112e+01
2.984431250000000091e+01
3.244218750000000284e+01
3.186324999999999719e+01
3.209074999999999989e+01
3.132324999999999804e+01
2.650250000000000128e+01
2.641812499999999986e+01
2.632656250000000142e+01
3.860300000000000153e+01
3.805349999999999966e+01
3.779575000000000529e+01
2.626812500000000128e+01
4.160000000000000853e+01
4.143575000000000585e+01
5.150000000000000000e+01
5.152968750000000142e+01
5.130468750000000000e+01
5.100000000000000000e+01
4.600000000000000000e+01
4.639999999999998437e+01
4.639999999999998437e+01
6.724180952380952192e+01
6.105835416666666760e+01
5.890004166666665952e+01
5.601404166666667095e+01
5.596245833333332342e+01
5.307131250000000477e+01
2.896614583333332860e+01
2.601208333333333655e+01
2.474312499999999915e+01
2.508956249999999599e+01
2.539949999999999974e+01
2.584737500000000310e+01
