6.670242050422585115e-17
4.637993760558545089e-06
9.237423400070244475e-06
1.376076307859889351e-05
1.817256612590904859e-05
2.244051084469980218e-05
2.653645274728446814e-05
3.043748305439046705e-05
3.412699002990311553e-05
3.759571393419746776e-05
4.084277676960385868e-05
4.387665308807718042e-05
4.671602660822795478e-05
4.939044889004783355e-05
5.194068281764323470e-05
5.441858147227839423e-05
5.688633466743796513e-05
5.941492984795615078e-05
6.208174211357040165e-05
6.496730173057965242e-05
6.815147408030899131e-05
7.170947883997494182e-05
7.570829803239876904e-05
8.020400942053923868e-05
8.524041592695973406e-05
9.084907625194416829e-05
9.705057377528048977e-05
1.038566779368124715e-04
1.112729912988683236e-04
1.193017180061349097e-04
1.279442877208181791e-04
1.372036767088586750e-04
1.470863557586243224e-04
1.576038533646901662e-04
1.687739549633684110e-04
1.806215728949745196e-04
1.931793252653136268e-04
2.064878610418929676e-04
2.205959672513216514e-04
2.355604937543987777e-04
2.514461321578685292e-04
2.683250875333599312e-04
2.862766839605700056e-04
3.053869465734241825e-04
3.257482030224639652e-04
3.474587455574355377e-04
3.706225911492576678e-04
3.953493713802305222e-04
4.217543767233351859e-04
4.499587719443805191e-04
4.800899914310259304e-04
5.122823159380675631e-04
5.466776260906745007e-04
5.834263233656793472e-04
6.226884063503379660e-04
6.646346888668661036e-04
7.094481469222763213e-04
7.573253831868534403e-04
8.084782005685325467e-04
8.631352801597577066e-04
9.215439631416723560e-04
9.839721408966407672e-04
1.050710262409395050e-03
1.122073472856488898e-03
1.198403901956519683e-03
1.280073125070042492e-03
1.367484824117530919e-03
1.461077679078442862e-03
1.561328524107598531e-03
1.668755805174009128e-03
1.783923378601228035e-03
1.907444692032981811e-03
2.039987391219087558e-03
2.182278397712349768e-03
2.335109504176804615e-03
2.499343535641200455e-03
2.675921126793524840e-03
2.865868167408974852e-03
3.070303970330778322e-03
3.290450219176346662e-03
3.527640756195838875e-03
3.783332274537992528e-03
4.059115983637614361e-03
4.356730321576785664e-03
4.678074794130516502e-03
5.025225026816377595e-03
5.400449123651883745e-03
5.806225434515621328e-03
6.245261842019104830e-03
6.720516688654437458e-03
7.235221475719471641e-03
7.792905477155428161e-03
8.397422424008054234e-03
9.052979428782791452e-03
9.764168333555894863e-03
1.053599968138872398e-02
1.137393952745370355e-02
1.228394932437691829e-02
1.327252913575422029e-02
1.434676445268678532e-02
1.551437691064099476e-02
1.678377922808665587e-02
1.816413471434552562e-02
1.966542172204045411e-02
2.129850344957242778e-02
2.307520353121115392e-02
2.500838788636323626e-02
2.711205333440721427e-02
2.940142351462729856e-02
3.189305267714027947e-02
3.460493792208083064e-02
3.755664045285811437e-02
4.076941638361527426e-02
4.426635767309067271e-02
4.807254409108231707e-02
5.221520838625325067e-02
5.672392035803017207e-02
6.163080379975752893e-02
6.697081706312121852e-02
7.278215785475604382e-02
7.910689883116660270e-02
8.599201881561929772e-02
9.349104553097749293e-02
1.016665232362837512e-01
1.105933811808571393e-01
1.203628964498634768e-01
1.310862175062199042e-01
1.428953382329370136e-01
1.559382050832442135e-01
1.703638491252045528e-01
1.862938836603848236e-01
2.037791447850031967e-01
2.227447504092510133e-01
2.429323691186035250e-01
2.638530935259985055e-01
2.847660948378972767e-01
3.046961733748482226e-01
3.224974370664848156e-01
3.369613963353764174e-01
3.469571826898366074e-01
3.515817224826907061e-01
3.502916755955092221e-01
3.429896753629148587e-01
3.300458620523454289e-01
3.122498483987662388e-01
2.907035042981681583e-01
2.666762190499638585e-01
2.414485212066418696e-01
2.161674789283787868e-01
1.917314763794844834e-01
1.687167177435880405e-01
1.473547085305345894e-01
1.275663774856576060e-01
1.090497655549172579e-01
9.140386832405923700e-02
7.425895104807786473e-02
5.738380034208209746e-02
4.075844673518365380e-02
2.466084027617123850e-02
1.041111329418762527e-02
1.006985656887964334e-02
2.204830836769537672e-02
3.364277212332771744e-02
4.357987090889130222e-02
5.160559664332790147e-02
5.770405004216370287e-02
6.199730638112666004e-02
6.469698076268182163e-02
6.606294696297339286e-02
6.636729706978876375e-02
6.586624696606617479e-02
6.478177332797233068e-02
6.329296096196862509e-02
6.153546929328557180e-02
5.960658042419687830e-02
5.757307693768239087e-02
5.547961452869867860e-02
5.335603975177793945e-02
5.122294329232346399e-02
4.909539656140332609e-02
4.698519720429306795e-02
4.490207425309007683e-02
4.285426523596626291e-02
4.084876822035093252e-02
3.889145630918356550e-02
3.698715214172639681e-02
3.513970261120200056e-02
3.335206371082777288e-02
3.162639282735479201e-02
2.996414269612058742e-02
2.836615210822135413e-02
2.683273034594423415e-02
2.536373396718784659e-02
2.395863564384303687e-02
2.261658535143765136e-02
2.133646447336992949e-02
2.011693346678801453e-02
1.895647373285928167e-02
1.785342429377637444e-02
1.680601382737580141e-02
1.581238855821808995e-02
1.487063645513346521e-02
1.397880814052288728e-02
1.313493487610817301e-02
1.233704395302024324e-02
1.158317178079212341e-02
1.087137493965114124e-02
1.019973943321750808e-02
9.566388354062642374e-03
8.969488152333072659e-03
8.407253677604897488e-03
7.877952146103945480e-03
7.379906169239770948e-03
6.911495964893466480e-03
6.471160859911661949e-03
6.057400180660066011e-03
5.668773618126940472e-03
5.303901144830044413e-03
4.961462552518343394e-03
4.640196672286912849e-03
4.338900332086456993e-03
4.056427100636815324e-03
3.791685861320752936e-03
3.543639254654245511e-03
3.311302023321514767e-03
3.093739289454877032e-03
2.890064789760129604e-03
2.699439090212293890e-03
2.521067798324371119e-03
2.354199787427783963e-03
2.198125443988271487e-03
2.052174945752232964e-03
1.915716575495868225e-03
1.788155072403492746e-03
1.668930020665881876e-03
1.557514272865590877e-03
1.453412404131293814e-03
1.356159191987796331e-03
1.265318116347452157e-03
1.180479874205510619e-03
1.101260904353184309e-03
1.027301918787834872e-03
9.582664394527037627e-04
8.938393414124649276e-04
8.337254064742406637e-04
7.776478944664671654e-04
7.253471427259235204e-04
6.765792076158411465e-04
6.311145648569005135e-04
5.887368878370572052e-04
5.492419245701237037e-04
5.124364942921418422e-04
4.781376235491090003e-04
4.461718388140585036e-04
4.163746280844218286e-04
3.885900775991505936e-04
3.626706820371458314e-04
3.384773177706962635e-04
3.158793595957238871e-04
2.947549126109309347e-04
2.749911233287656402e-04
2.564845283526542364e-04
2.391413954198565596e-04
2.228780103775136572e-04
2.076208643685286510e-04
1.933066974682296781e-04
1.798823572821085174e-04
1.673044326033012270e-04
1.555386224351774970e-04
1.445587994864627984e-04
1.343457259884380287e-04
1.248853816429787834e-04
1.161668746787317320e-04
1.081799359319316015e-04
1.009120521387807590e-04
9.434538414113791778e-05
8.845373279390234217e-05
8.319993403131075154e-05
7.853413613390548972e-05
7.439337911460688576e-05
7.070272381598283304e-05
6.737789035716076306e-05
6.432905100857172920e-05
6.146519750353165860e-05
5.869844624699919788e-05
5.594775680773700127e-05
5.314175081374602615e-05
5.022054062695787769e-05
4.713664549540630291e-05
4.385516465871911335e-05
4.035340211183898899e-05
3.662012033184848774e-05
3.265456361741933333e-05
2.846535188953773431e-05
2.406931133303429003e-05
1.949028201512619527e-05
1.475792437215699552e-05
9.906534694524829875e-06
4.973872659896445421e-06
1.877640056901504498e-17
