0.000000000000000000e+00
2.299381793512312082e-06
4.592554736034653813e-06
6.873688189920703822e-06
9.137708687529090288e-06
1.138067988921902699e-05
1.360018279431048065e-05
1.579569387023557110e-05
1.796895653615700870e-05
2.012433853828982799e-05
2.226916425339078203e-05
2.441400708970860165e-05
2.657292340979361549e-05
2.876360658044254076e-05
3.100743896744970017e-05
3.332942220067380097e-05
3.575797294266213581e-05
3.832458314173712910e-05
4.106335959350738545e-05
4.401047533814461221e-05
4.720358144792716139e-05
5.068123814808963228e-05
5.448242587055740396e-05
5.864618878659293995e-05
6.321144725403887352e-05
6.821699519979671595e-05
7.370167827666111921e-05
7.970473249753521033e-05
8.626625307045332318e-05
9.342775955642373714e-05
1.012328250519082992e-04
1.097277420199671598e-04
1.189622038378862441e-04
1.289899877040057228e-04
1.398696304127608242e-04
1.516650933013123604e-04
1.644464163686016288e-04
1.782903643148046988e-04
1.932810692631936318e-04
2.095106764138710323e-04
2.270800000033226199e-04
2.460991978234598732e-04
2.666884732596013267e-04
2.889788143777162065e-04
3.131127800453198883e-04
3.392453434191822605e-04
3.675448033817337273e-04
3.981937746728162115e-04
4.313902675578021686e-04
4.673488679241028930e-04
5.063020287346974881e-04
5.485014838205289544e-04
5.942197950979381154e-04
6.437520444822944065e-04
6.974176820637210212e-04
7.555625425389526613e-04
8.185610424754968459e-04
8.868185717281018652e-04
9.607740932508059082e-04
1.040902966649731847e-03
1.127720012106185653e-03
1.221782832768518890e-03
1.323695415360050774e-03
1.434112030581978330e-03
1.553741456898018311e-03
1.683351553475243749e-03
1.823774210422052624e-03
1.975910707007626482e-03
2.140737511278577396e-03
2.319312557404017497e-03
2.512782040189765441e-03
2.722387769515620653e-03
2.949475130966067431e-03
3.195501702661564247e-03
3.462046582254062546e-03
3.750820482235498257e-03
4.063676656122274140e-03
4.402622722721084500e-03
4.769833460538339467e-03
5.167664649454334694e-03
5.598668042005973573e-03
6.065607551963310765e-03
6.571476753274939527e-03
7.119517787792358811e-03
7.713241785329594778e-03
8.356450904383279712e-03
9.053262105985225225e-03
9.808132776350694457e-03
1.062588831580300874e-02
1.151175181132562883e-02
1.247137590731415939e-02
1.351087698272201640e-02
1.463687173164344470e-02
1.585651622691901935e-02
1.717754752064999668e-02
1.860832779911310644e-02
2.015789105935138215e-02
2.183599220676906566e-02
2.365315838238657778e-02
2.562074220874285477e-02
2.775097648665109801e-02
3.005702967057971575e-02
3.255306118413651278e-02
3.525427528967051832e-02
3.817697177133907993e-02
4.133859109737007820e-02
4.475775096705755102e-02
4.845427023206952399e-02
5.244917524647798451e-02
5.676468319271740781e-02
6.142415793951691572e-02
6.645203872569209469e-02
7.187375428048201065e-02
7.771566050001393888e-02
8.400508474848580875e-02
9.077062737116016466e-02
9.804295318701715389e-02
1.058563708824956928e-01
1.142514755606138660e-01
1.232788995760320666e-01
1.330036237265029841e-01
1.435082155759331290e-01
1.548918170307339304e-01
1.672600940735887165e-01
1.807006026821313671e-01
1.952394335312430951e-01
2.107796635470270685e-01
2.270299106326435779e-01
2.434400940465472341e-01
2.591678516927255482e-01
2.730994346090807601e-01
2.839409237041323197e-01
2.903787667720340582e-01
2.912854918306355123e-01
2.859244729296421816e-01
2.740983061109346641e-01
2.561979790045054717e-01
2.331432878437101341e-01
2.062453053150778148e-01
1.770529060025825274e-01
1.472629668386295776e-01
1.187930396479149331e-01
9.415029161139401581e-02
7.707947126167494223e-02
7.201093429337129814e-02
7.974991166325266778e-02
9.589956262430882061e-02
1.158539205591530979e-01
1.369859599320630561e-01
1.579756339889787642e-01
1.781182926437083480e-01
1.969991265917447887e-01
2.143663931518679233e-01
2.300924993252571882e-01
2.441694971577063888e-01
2.567091838796677905e-01
2.679270404267609096e-01
2.780956719414190426e-01
2.874636041580477253e-01
2.961512184471498665e-01
3.040533888085379388e-01
3.107884242816287834e-01
3.157256632485597181e-01
3.180987464182286617e-01
3.171790596929902062e-01
3.124595928953074475e-01
3.037941839710790459e-01
2.914523038871743021e-01
2.760781610472863301e-01
2.585728149931144082e-01
2.399375541463412143e-01
2.211206161292550432e-01
2.028999141436164944e-01
1.858187102920065004e-01
1.701755351632367463e-01
1.560575822448230232e-01
1.433996971442016433e-01
1.320495885822220716e-01
1.218237609172475311e-01
1.125459119550718950e-01
1.040669247397454922e-01
9.627048137075024103e-02
8.907000001377865517e-02
8.240190414607387326e-02
7.621853659863637998e-02
7.048235717062015238e-02
6.516187886447023792e-02
6.022915807497823681e-02
5.565842065189731402e-02
5.142540543123717139e-02
4.750710370284105810e-02
4.388168551767841069e-02
4.052849483762829830e-02
3.742805633746909555e-02
3.456207155411159665e-02
3.191339928735784093e-02
2.946602213683611679e-02
2.720500297038666582e-02
2.511643494890957590e-02
2.318738795376518169e-02
2.140585347424429907e-02
1.976068938994509500e-02
1.824156563356102781e-02
1.683891140380504650e-02
1.554386437512979627e-02
1.434822219055995572e-02
1.324439640677166873e-02
1.222536897411639727e-02
1.128465127053457015e-02
1.041624566167401872e-02
9.614609526019148034e-03
8.874621660395494438e-03
8.191550965497626860e-03
7.561027301265638850e-03
6.979014396570654317e-03
6.441784695637831071e-03
5.945896024071735050e-03
5.488169959570002657e-03
5.065671795892763909e-03
4.675691993000275805e-03
4.315729011167645721e-03
3.983473432107004220e-03
3.676793275493111645e-03
3.393720424678007847e-03
3.132438080693555546e-03
2.891269168819297648e-03
2.668665626983241987e-03
2.463198510047010913e-03
2.273548848578025791e-03
2.098499205028485706e-03
1.936925874321743192e-03
1.787791679692475209e-03
1.650139318250041457e-03
1.523085214136403681e-03
1.405813840349589942e-03
1.297572473301541714e-03
1.197666346994664998e-03
1.105454176335397744e-03
1.020344021569344036e-03
9.417894681254043851e-04
8.692860983000125913e-04
8.023682332028367337e-04
7.406059252240753885e-04
6.836021829693599916e-04
6.309904121440545631e-04
5.824320572529846033e-04
5.376144302106152396e-04
4.962487130349309272e-04
4.580681227195702431e-04
4.228262271523187715e-04
3.902954015715425959e-04
3.602654155390472030e-04
3.325421407668813483e-04
3.069463703811553231e-04
2.833127403635168863e-04
2.614887439964525950e-04
2.413338301843947413e-04
2.227185765532255766e-04
2.055239282732362633e-04
1.896404936311439973e-04
1.749678875122705104e-04
1.614141141633007441e-04
1.488949808972245303e-04
1.373335347811466473e-04
1.266595148242514752e-04
1.168088127733109450e-04
1.077229363567339939e-04
9.934846975845152350e-05
9.163652734521415583e-05
8.454219835089318293e-05
7.802398251850005254e-05
7.204321978611090242e-05
6.656352110793721673e-05
6.155021240095482119e-05
5.696980909772527692e-05
5.278954416824460291e-05
4.897697658300075295e-05
4.549970851056821394e-05
4.232523653409065947e-05
3.942095383716556122e-05
3.675430683398270846e-05
3.429309286448549546e-05
3.200586852640402457e-05
2.986242476104705785e-05
2.783427808509008583e-05
2.589512874298565150e-05
2.402124523135337107e-05
2.219174803065093171e-05
2.038878016397735793e-05
1.859756543466547081e-05
1.680636500415267370e-05
1.500634874076395680e-05
1.319139986440065078e-05
1.135787075511363120e-05
9.504305437715016008e-06
7.631141127977089230e-06
5.740397997015584941e-06
3.835363385646083914e-06
1.920274280296991288e-06
0.000000000000000000e+00
