4.130051361463331191e-17
1.432241960788388391e-06
2.861324510913728536e-06
4.284312028441421703e-06
5.698716834522828586e-06
7.102723793782592380e-06
8.495414852051736025e-06
9.876992085246934274e-06
1.124899656521287921e-05
1.261451872692581172e-05
1.397839400488239967e-05
1.534737544098916726e-05
1.673027303274094476e-05
1.813804822575314500e-05
1.958385172280614986e-05
2.108299433418428767e-05
2.265284441872268529e-05
2.431265175629637691e-05
2.608330599448763278e-05
2.798704699044689148e-05
3.004715265770901969e-05
3.228763538829668926e-05
3.473297923842725573e-05
3.740794632217815376e-05
4.033747298758483897e-05
4.354666610744876667e-05
4.706089940008900522e-05
5.090600102102407559e-05
5.510851791159728403e-05
5.969603982062081913e-05
6.469756608632971559e-05
7.014390033831191605e-05
7.606806136161391434e-05
8.250570172275565109e-05
8.949552889978237857e-05
9.707972633962895568e-05
1.053043740143016192e-04
1.142198697026337612e-04
1.238813534781959343e-04
1.343491388318751112e-04
1.456891545939459690e-04
1.579734023997779685e-04
1.712804349231531831e-04
1.856958605016073506e-04
2.013128801145589906e-04
2.182328629607576016e-04
2.365659671202085385e-04
2.564318119829564566e-04
2.779602092967643290e-04
3.012919598342548547e-04
3.265797228233583696e-04
3.539889654417853948e-04
3.836989998576917295e-04
4.159041155269755535e-04
4.508148147435786578e-04
4.886591597982800888e-04
5.296842405466833676e-04
5.741577717279039645e-04
6.223698300119584730e-04
6.746347415059271001e-04
7.312931313044957523e-04
7.927141476427252212e-04
8.592978742957608660e-04
9.314779460717079532e-04
1.009724383564024330e-03
1.094546664764323076e-03
1.186497052696115165e-03
1.286174199901072646e-03
1.394227052409417354e-03
1.511359077748174965e-03
1.638332843582966875e-03
1.775974975764566411e-03
1.925181526850412456e-03
2.086923788591518551e-03
2.262254584425278138e-03
2.452315080672780572e-03
2.658342157902734027e-03
2.881676386771600974e-03
3.123770655554477561e-03
3.386199499500553226e-03
3.670669185036051253e-03
3.979028604609322582e-03
4.313281040538288411e-03
4.675596858443200818e-03
5.068327192554667598e-03
5.494018686150963122e-03
5.955429350311906150e-03
6.455545602694302484e-03
6.997600544662299291e-03
7.585093529226824907e-03
8.221811063081112259e-03
8.911849072589048820e-03
9.659636544644824990e-03
1.046996052734900512e-02
1.134799244049876366e-02
1.229931559962993935e-02
1.332995379684043420e-02
1.444640070337941361e-02
1.565564975875177386e-02
1.696522408393811090e-02
1.838320579664093693e-02
1.991826390829903176e-02
2.157967974055140237e-02
2.337736850975922001e-02
2.532189539471544487e-02
2.742448403816549404e-02
2.969701506730205651e-02
3.215201189960962408e-02
3.480261087563139150e-02
3.766251261003616957e-02
4.074591112944235538e-02
4.406739608165575334e-02
4.764181923606707753e-02
5.148410620893335843e-02
5.560897241231949062e-02
6.003046174156560083e-02
6.476116149709129632e-02
6.981085760640880211e-02
7.518429462154030407e-02
8.087763224611023427e-02
8.687320820079694195e-02
9.313240923034309116e-02
9.958689592197525475e-02
1.061291557521468476e-01
1.126043140106334356e-01
1.188061173203992932e-01
1.244806360579244348e-01
1.293409074511375767e-01
1.330937232681790594e-01
1.354755947603082100e-01
1.362892817314777516e-01
1.354278340020814153e-01
1.328740948266547706e-01
1.286728711689245630e-01
1.228877551060109374e-01
1.155659631545957050e-01
1.067333995334779490e-01
9.642764199172547401e-02
8.475940255430236547e-02
7.199035425033328828e-02
5.864469709066097436e-02
4.576153310747022723e-02
3.556484085021252572e-02
3.218514380969255545e-02
3.817466955546933854e-02
5.050366071788939953e-02
6.571087910893336215e-02
8.216695307717770957e-02
9.920355852705092792e-02
1.165412027158712338e-01
1.340704224093720309e-01
1.517668682835413563e-01
1.696561641460924141e-01
1.877987204218100337e-01
2.062804307160004402e-01
2.251983801210875047e-01
2.446309994751850181e-01
2.645846991841480644e-01
2.849172133041698585e-01
3.052517701942450423e-01
3.249110507901355471e-01
3.429073655428634404e-01
3.580182489469346252e-01
3.689533088655453930e-01
3.745850008314104973e-01
3.741856821534477184e-01
3.676006994432605701e-01
3.553020492883960935e-01
3.383058325524937460e-01
3.179818318353776485e-01
2.958139999997360103e-01
2.731755314660505030e-01
2.511656005942404235e-01
2.305291489517043713e-01
2.116570644141554658e-01
1.946468432294214679e-01
1.793949014499782446e-01
1.656916234087396911e-01
1.532979947625670025e-01
1.419944721806418175e-01
1.316034151627911708e-01
1.219924962579386901e-01
1.130677396099325910e-01
1.047630398309115918e-01
9.703027517996233586e-02
8.983177305077161279e-02
8.313537641003326817e-02
7.691163508744455757e-02
7.113244939866054939e-02
6.577057027946604795e-02
6.079953041220734211e-02
5.619374678325296524e-02
5.192865868905712640e-02
4.798084252211604755e-02
4.432808614206318332e-02
4.094942428722784383e-02
3.782514276068379977e-02
3.493675976078288586e-02
3.226699136728092276e-02
2.979970649836893165e-02
2.751987520942021301e-02
2.541351312106352595e-02
2.346762398692428531e-02
2.167014185518788619e-02
2.000987387359180747e-02
1.847644448714813592e-02
1.706024155144453963e-02
1.575236471223034895e-02
1.454457627101467081e-02
1.342925465717764895e-02
1.239935055261416619e-02
1.144834565972063095e-02
1.057021406334285492e-02
9.759386108747413954e-03
9.010714698093148789e-03
8.319443895168822031e-03
7.681179720669108375e-03
7.091863016729416797e-03
6.547744258796852311e-03
6.045360194421170626e-03
5.581512191582311058e-03
5.153246183274279649e-03
4.757834099870001873e-03
4.392756686044651908e-03
4.055687604513646266e-03
3.744478734407051968e-03
3.457146577641808435e-03
3.191859692084167768e-03
2.946927075572748807e-03
2.720787429940660015e-03
2.511999239044174648e-03
2.319231599424586513e-03
2.141255746633630684e-03
1.976937224404243243e-03
1.825228647788368222e-03
1.685163015085382968e-03
1.555847526883868091e-03
1.436457873814819906e-03
1.326232957703300883e-03
1.224470013685594830e-03
1.130520103550240957e-03
1.043783953063031874e-03
9.637081083480810188e-04
8.897813885157748607e-04
8.215316136653743944e-04
7.585225891190191649e-04
7.003513282933025805e-04
6.466454979561584576e-04
5.970610707659008108e-04
5.512801709465242096e-04
5.090090997151095874e-04
4.699765276719516396e-04
4.339318417858107919e-04
4.006436348971733068e-04
3.698983258295834896e-04
3.414988982885910559e-04
3.152637467670089413e-04
2.910256176954976017e-04
2.686306341256970015e-04
2.479373923324435457e-04
2.288161188947672540e-04
2.111478770870675419e-04
1.948238117996806205e-04
1.797444226979722382e-04
1.658188559644867667e-04
1.529642057370365188e-04
1.411048173315982584e-04
1.301715855779607661e-04
1.201012432559210835e-04
1.108356368515843584e-04
1.023209899265899289e-04
9.450715850402299843e-05
8.734688820150743327e-05
8.079508932991224320e-05
7.480815339956748224e-05
6.934334147415140810e-05
6.435828003952773647e-05
5.981060149122068682e-05
5.565776200447483814e-05
5.185705820341877091e-05
4.836584603858830317e-05
4.514194305973865187e-05
4.214417306458893370e-05
3.933299488198909024e-05
3.667114879582824020e-05
3.412425648997114910e-05
3.166132216958982107e-05
2.925510023541789701e-05
2.688231420840035772e-05
2.452372874402690390e-05
2.216408915842781597e-05
1.979195019593227607e-05
1.739941832014001304e-05
1.498183082661194158e-05
1.253739193366516468e-05
1.006678190675760757e-05
7.572751057169514547e-06
5.059706663209809373e-06
2.533297716194427234e-06
7.200242319657514365e-17
