-3.252449178788945766e-02
-4.826673213721535127e-01
-5.364758891174380151e-02
1.115277671956625555e-01
7.809981934970020023e-02
2.580543421636248280e-01
1.731869502241345504e-02
-4.297570321602642851e-01
3.212481923171217613e-01
-5.701648694417632557e-01
-2.118528615473505572e-01
-2.856903407561527108e-02
-1.876694630214610915e-01
2.487644506262513822e-01
1.203265979232063521e-01
3.536464958896116256e-02
-2.355907262925706130e-04
2.183411627654382181e-01
-4.818536342103610370e-02
-2.487233742308947535e-03
-3.734324716905095681e-02
-2.625144242010480355e-01
5.168341818880020644e-02
5.126566201109209464e-01
4.813456582294858843e-01
-3.142534305278977813e-01
2.543361519245739277e-01
1.032438210709244776e-02
-8.594885559426539146e-02
-1.864362324974939422e-01
-2.768633886487507079e-01
3.027063494766103480e-01
-1.506501829369385481e-01
-3.363674241879480720e-01
-1.082705454392189487e-01
1.088397448412527641e-01
3.583219014922188195e-01
-9.199187896949423404e-02
-1.983409259224062637e-01
-1.782138033180818981e-01
-9.314311189565152582e-02
5.498752533387527702e-02
1.709842479054780595e-01
-4.718518062880157626e-01
-1.666220110149349842e-01
4.103995863402815081e-02
3.111618085465450018e-02
-4.675277453537964867e-01
4.355653155754802275e-01
4.191235239231282383e-01
-6.757284161110445331e-02
2.018592715682785421e-01
2.879795776263793100e-02
-2.825642297534095571e-01
2.697568518397779891e-01
-6.065735487669780823e-02
-9.027841676046570452e-02
-3.126750650025486578e-01
-4.892293241574405260e-01
1.347380750941032934e-01
